 Festival Year | Total Income | Credit (%) | Debit (%) | Bank Transfer (%) 
---------------+--------------+------------+-----------+-------------------
          2017 |  21890098.07 |      33.47 |     33.41 |             33.13
          2018 |  19517499.38 |      33.55 |     33.12 |             33.33
          2019 |  57466404.72 |      33.34 |     33.29 |             33.38
          2020 |  25667013.44 |      33.02 |     33.21 |             33.77
          2021 |  65784743.10 |      33.35 |     33.29 |             33.35
          2022 |  36496440.96 |      33.34 |     33.39 |             33.28
          2023 |  39755441.38 |      33.32 |     33.26 |             33.42
          2024 |  41000092.83 |      33.34 |     33.50 |             33.16
          2025 |  63635245.03 |      33.34 |     33.30 |             33.35
          2026 |  19491129.87 |      33.42 |     33.32 |             33.26
(10 rows)

